117 681 257 738 671 513 618 645 241 836 532 616 674 176 218 837 442 468 342 833 711 633 384 476 824 514 626 225 878 144 554 156 762 523 732 345 214 847 285 262 516 482 611 172 873 487 717 655 654 457 667 324 673 271 353 326 126 518 848 583 866 238 422 184
574 187 725 782 658 285 333 854 763 253 171 835 127 577 436 638 335 646 281 373 161 338 113 212 371 613 865 313 321 877 344 677 118 863 382 762 668 737 833 223 644 117 121 218 831 674 415 542 137 733 337 886 578 732 623 552 252 183 166 222 315 715 126 567
784 455 274 253 722 711 326 642 856 157 487 167 333 846 186 328 433 576 757 663 745 467 528 272 825 475 738 864 665 518 552 852 217 135 622 867 515 813 172 122 785 222 283 214 853 681 275 136 786 258 387 571 536 218 427 716 338 553 278 557 765 481 646 675
315 453 317 641 282 828 657 821 553 244 548 782 852 458 737 257 237 858 842 766 521 485 488 264 614 378 465 616 656 881 443 571 252 878 214 751 844 412 236 653 476 364 152 672 161 813 428 262 478 386 337 528 113 213 713 228 871 388 241 664 824 778 732 146
828 467 665 456 117 513 366 765 771 368 563 352 878 364 824 526 718 644 315 127 323 344 214 367 865 333 861 642 268 371 711 362 813 332 848 164 147 437 128 264 516 316 531 753 636 578 721 874 613 183 174 144 477 318 777 256 862 734 246 386 723 448 483 245
468 557 224 615 384 283 567 411 771 762 467 716 653 116 461 525 811 465 661 868 437 544 681 356 486 321 134 565 255 168 582 153 535 428 217 871 616 124 621 528 817 722 422 563 776 521 784 285 133 867 856 833 127 458 454 114 581 828 222 126 278 711 865 263
845 335 867 465 363 467 544 311 746 868 216 133 336 771 864 556 853 157 618 324 541 346 152 464 211 542 736 348 733 384 551 511 178 326 842 364 141 227 328 425 475 871 537 852 561 652 124 446 637 167 448 427 341 884 617 838 342 437 753 685 841 247 787 752
331 644 275 525 426 357 115 685 647 114 824 134 642 252 158 542 326 341 588 481 387 413 522 138 274 736 462 621 577 378 543 245 263 155 321 227 535 712 533 748 677 735 556 351 645 137 574 173 222 358 284 317 353 224 832 751 244 352 188 817 851 718 871 664
327 114 548 436 815 662 247 372 661 638 683 381 575 888 315 356 167 835 756 174 631 481 482 784 825 458 224 413 615 158 736 573 732 138 123 353 711 642 524 212 875 355 367 242 726 452 111 516 652 161 886 774 428 647 776 761 554 432 555 717 868 231 682 847
257 453 441 117 877 263 641 354 113 275 372 133 685 443 153 346 772 485 625 788 338 422 175 783 478 182 132 658 584 448 742 611 638 746 554 473 141 123 562 281 188 527 177 736 538 754 722 717 687 277 747 342 666 127 655 434 186 777 735 156 861 265 533 682
218 436 615 315 368 577 135 818 188 727 713 742 674 882 414 221 263 821 687 111 418 683 247 881 853 718 676 575 278 551 381 351 573 474 342 323 344 375 373 745 514 378 622 851 813 558 326 271 334 238 361 363 661 445 663 714 458 872 357 321 736 626 672 653
314 733 344 447 825 186 553 315 817 655 427 651 563 562 357 188 455 583 728 312 263 248 751 156 724 772 346 265 113 588 685 352 213 343 652 252 865 335 573 365 162 744 424 816 768 356 261 727 653 475 164 181 753 747 861 454 152 436 841 443 874 743 355 112
854 446 582 244 423 371 468 233 681 551 512 478 617 262 738 274 735 812 878 635 358 438 387 431 726 428 641 216 852 751 323 215 655 415 381 871 565 825 268 344 761 675 277 364 461 486 683 724 236 124 884 382 864 457 763 532 261 557 657 847 773 366 242 785
462 352 741 541 215 718 521 456 644 161 556 668 764 662 277 535 121 674 667 844 571 358 615 856 472 176 652 172 155 448 288 632 221 286 253 857 187 658 547 137 362 683 163 373 664 721 878 351 882 553 318 755 212 357 141 638 355 447 636 254 278 543 245 263
547 173 481 286 237 283 262 744 274 287 375 816 845 413 783 627 163 822 252 255 454 463 612 265 675 112 411 453 348 256 646 631 267 886 561 214 578 158 652 424 778 211 621 857 337 421 714 415 186 523 623 234 361 727 511 452 533 238 574 184 378 745 842 877
384 125 727 857 615 271 173 417 846 681 721 246 825 561 233 488 177 335 276 263 272 166 431 386 586 475 225 425 734 656 648 327 542 766 711 576 235 828 848 328 548 344 363 348 138 414 627 831 148 637 865 375 245 274 268 855 874 326 737 345 457 646 551 872
236 145 252 645 785 331 521 828 731 183 772 317 378 777 448 368 187 631 763 222 782 346 425 587 581 242 382 664 451 561 168 875 647 132 428 415 165 437 117 466 484 452 482 121 636 172 356 371 865 677 565 741 784 511 583 548 837 588 578 632 253 752 288 271
347 772 447 665 268 262 853 184 337 554 413 386 681 878 224 153 128 676 518 632 871 555 277 345 613 543 284 162 344 176 271 125 333 182 582 178 417 281 564 173 236 225 371 283 738 242 411 732 453 624 811 346 754 625 472 565 365 423 238 862 578 857 244 257
465 675 356 454 881 157 148 132 272 354 848 267 347 711 233 384 868 815 542 163 387 786 332 511 842 271 428 516 232 578 866 277 418 154 457 664 433 766 768 566 112 814 426 782 476 125 227 378 788 342 746 628 483 161 117 625 825 385 131 336 188 484 363 513
148 477 582 166 888 156 572 225 875 181 262 845 167 147 462 885 115 227 775 218 727 382 748 612 634 165 488 716 423 186 616 287 343 866 641 576 321 554 783 257 637 651 742 587 485 114 741 541 134 337 517 454 387 452 153 277 171 245 714 684 184 316 386 467
352 786 473 721 675 568 636 833 861 631 287 357 245 425 313 444 537 515 367 871 431 542 282 472 735 517 518 887 637 123 874 174 317 885 241 714 274 753 185 146 577 875 177 474 247 237 172 213 551 847 263 316 734 844 668 617 476 275 513 267 882 334 625 865
317 683 213 743 454 728 868 774 618 855 234 745 346 644 762 781 441 722 712 641 861 155 166 487 484 483 876 261 235 423 535 725 216 185 328 351 723 222 286 874 846 466 687 427 281 133 623 285 164 318 512 465 178 146 171 157 145 671 314 136 232 141 685 334
381 117 845 788 157 737 821 146 833 378 164 617 247 526 364 726 585 642 527 485 763 125 335 671 348 778 668 658 476 656 475 851 122 542 554 814 248 622 317 174 452 735 881 637 782 466 567 376 884 358 512 834 341 767 326 116 325 363 336 114 372 245 165 152
465 432 556 311 744 364 158 423 383 358 855 122 173 154 378 566 418 454 264 834 438 757 587 562 462 637 828 876 221 625 648 835 518 752 683 616 284 224 226 161 448 765 656 574 162 838 165 614 266 825 144 746 673 652 386 526 411 645 851 733 716 225 178 322
214 334 286 751 266 568 537 547 646 717 733 176 668 688 368 828 866 458 575 774 154 878 453 835 223 414 135 686 161 845 482 676 118 864 456 333 632 475 175 315 253 824 655 466 483 436 526 514 527 432 341 557 615 711 817 518 356 867 111 758 422 444 513 476
783 317 475 256 148 685 731 145 644 544 634 838 154 157 533 225 144 588 326 848 888 543 325 771 132 146 857 366 253 884 716 218 178 541 452 531 443 876 515 318 453 478 226 224 486 648 346 683 465 376 116 445 774 711 586 461 688 514 761 527 156 236 168 417
873 741 812 728 671 381 278 332 245 616 186 121 117 254 637 112 423 888 655 883 136 311 775 852 226 122 385 877 367 515 545 634 412 162 862 225 383 327 484 386 284 368 158 131 126 453 538 776 643 176 751 584 746 138 336 161 612 868 684 786 173 628 523 614
752 625 374 864 414 275 563 551 375 185 412 736 784 545 348 355 122 587 827 583 432 744 753 716 557 642 525 286 467 862 657 466 542 476 554 726 333 558 546 141 731 661 517 215 756 115 577 887 452 667 413 655 341 627 376 232 877 588 665 325 471 688 624 742
662 254 285 636 581 126 484 575 873 663 332 356 677 421 653 236 836 175 773 684 753 814 162 473 573 872 666 756 686 777 465 331 731 112 784 513 186 316 587 584 764 377 147 423 411 272 131 664 517 354 222 148 287 884 366 732 675 711 858 344 138 448 715 651
218 345 487 477 177 413 472 653 224 355 427 488 563 538 327 675 366 148 654 535 264 324 816 717 685 628 683 164 276 422 627 365 342 732 632 363 288 443 458 388 462 562 534 786 384 714 817 847 575 254 738 871 241 642 187 755 764 476 135 147 636 753 348 283
884 112 676 581 734 318 828 722 483 517 548 633 833 378 618 231 717 854 644 836 317 762 851 664 377 283 636 433 332 621 656 765 326 742 163 673 217 448 418 482 186 361 314 648 117 552 674 857 413 431 375 773 284 235 421 417 834 366 427 855 564 684 134 512
214 438 184 737 411 781 788 362 675 285 284 516 731 727 258 145 844 434 631 766 484 281 514 848 287 523 217 233 614 513 368 841 225 343 466 175 265 542 832 813 672 323 646 562 517 636 224 784 448 241 358 688 257 238 125 457 315 512 587 275 367 685 554 873
147 368 186 647 881 241 164 657 513 546 461 146 622 565 672 846 876 454 716 362 112 187 645 482 655 141 554 731 744 548 882 455 484 485 777 553 267 818 166 867 623 577 271 331 318 665 244 627 327 618 265 256 624 865 357 745 222 664 856 727 521 221 437 181
336 265 853 181 214 134 823 271 861 738 317 423 638 375 372 363 185 151 654 273 183 377 257 325 744 422 116 533 221 182 235 411 838 587 883 253 673 622 161 743 882 121 728 737 371 678 762 115 284 434 276 483 665 826 184 866 788 388 436 834 745 331 551 845
235 338 588 286 118 245 121 585 141 188 542 861 773 441 247 127 814 868 845 375 328 174 472 216 377 368 857 474 486 561 228 224 528 548 343 431 661 156 385 318 764 367 622 275 454 264 256 463 871 254 832 372 358 631 274 747 287 757 148 731 848 823 842 726
281 783 764 754 216 884 482 235 552 418 517 711 622 875 747 265 543 362 343 177 741 864 684 852 255 518 615 424 848 532 446 713 855 826 557 328 574 341 122 631 576 487 134 545 834 162 657 457 118 858 146 472 653 484 214 485 178 252 233 423 654 278 168 156
476 168 886 313 238 736 878 582 185 378 734 226 276 258 485 372 236 162 428 536 613 353 741 311 156 415 251 527 863 228 875 633 668 787 724 365 655 837 478 141 841 231 717 675 544 263 553 651 772 241 433 434 232 357 573 444 286 145 167 877 461 442 763 386
552 652 754 416 851 783 211 826 535 815 733 527 565 871 383 145 443 536 176 335 824 862 587 623 776 133 555 187 431 781 411 863 278 873 767 856 583 645 473 135 667 433 451 465 755 261 515 882 673 822 447 814 247 847 354 764 738 541 538 373 654 154 575 156
184 886 885 321 424 266 538 756 278 363 368 518 742 186 712 373 488 124 581 573 624 672 785 688 443 566 843 381 878 534 461 714 814 687 215 868 838 625 511 738 736 771 474 211 166 276 536 654 812 256 314 238 312 185 681 465 588 658 828 147 375 651 221 151
216 265 112 346 234 511 753 484 248 141 266 626 315 827 335 661 377 375 368 121 115 277 616 581 668 426 562 165 128 285 772 666 224 365 718 777 275 352 385 163 763 215 442 463 212 322 453 175 416 841 518 232 613 223 181 251 747 252 485 415 321 123 744 617
535 827 863 766 266 114 884 338 518 763 343 156 127 568 785 644 342 384 868 666 183 382 173 331 587 855 781 353 387 714 582 273 452 267 786 725 222 645 137 258 366 875 348 235 264 143 524 653 271 426 625 446 315 815 814 824 427 484 254 511 327 874 732 168
224 823 815 764 588 565 556 331 746 827 416 231 274 657 385 643 183 447 554 126 475 853 444 881 161 435 186 355 135 635 654 236 642 518 776 816 682 826 864 872 354 337 275 364 176 557 152 285 182 148 542 217 737 765 318 343 414 484 787 334 725 734 118 134
834 734 823 124 384 816 321 446 333 486 715 268 871 247 813 363 862 843 774 487 234 721 288 326 343 187 277 285 388 336 482 767 628 377 836 761 764 786 337 155 224 756 665 867 186 222 441 172 528 357 633 265 838 375 465 165 541 217 865 753 824 242 555 151
618 866 352 335 734 263 134 326 221 784 656 135 885 441 485 224 872 864 228 236 233 816 823 467 463 426 857 473 718 452 453 676 358 658 678 457 342 545 372 126 142 151 757 447 758 822 411 121 266 274 682 425 344 348 541 167 517 853 273 843 662 761 571 272
372 718 162 454 385 863 888 513 584 633 675 236 128 752 211 246 526 538 362 735 647 567 378 285 641 577 241 572 748 547 882 615 316 438 376 611 143 815 635 432 883 441 634 317 618 711 127 527 416 855 163 471 427 715 262 723 115 552 156 224 421 871 586 683
584 813 125 884 262 535 812 672 624 556 667 316 714 555 573 846 426 665 374 737 363 172 632 677 465 481 177 542 842 373 213 156 286 478 832 283 882 185 311 138 462 755 366 263 334 343 348 251 385 743 583 153 261 135 712 754 314 826 655 645 322 853 183 241
777 443 753 235 366 381 738 742 775 623 652 132 646 354 861 632 633 824 266 317 345 548 276 865 172 856 472 685 417 853 655 643 721 336 818 725 162 586 784 864 367 232 244 688 261 734 136 565 628 241 225 327 233 113 624 115 765 748 877 667 258 275 873 118
336 245 447 538 835 738 513 338 331 838 426 352 354 642 716 725 273 423 844 137 876 877 411 233 887 288 613 578 631 824 861 272 676 441 158 671 823 641 678 476 168 517 554 271 584 773 727 254 756 744 444 753 238 778 543 326 644 242 364 724 677 376 733 462
528 833 525 737 531 177 382 381 767 662 864 165 174 278 264 683 832 171 551 783 875 814 148 815 711 561 268 186 877 284 524 331 812 385 665 342 538 473 245 416 276 587 764 221 766 454 233 523 172 465 837 363 745 636 881 773 771 681 115 428 686 143 785 688
152 574 633 114 148 734 776 632 638 778 781 583 722 378 887 643 341 355 226 174 867 434 621 673 125 625 578 247 313 627 636 358 168 183 565 714 315 715 756 462 723 335 557 361 851 342 865 136 448 847 254 166 561 275 772 824 175 388 788 117 322 563 215 164
426 213 632 846 255 416 345 576 238 641 675 513 767 487 227 128 311 871 161 518 175 514 432 537 766 623 882 724 453 268 785 322 344 552 853 822 138 546 478 688 857 816 165 851 122 684 621 137 333 876 771 253 226 237 617 732 136 218 461 444 863 824 823 828
531 474 581 487 555 246 112 441 426 558 878 161 572 285 448 848 882 868 413 543 631 464 818 142 147 446 527 435 436 476 877 512 283 861 165 554 553 723 178 825 883 862 533 518 163 113 682 184 251 181 348 542 725 513 726 511 588 223 814 712 828 845 853 864
316 535 112 612 648 487 832 318 677 518 861 523 658 158 842 785 643 417 762 851 147 887 258 884 347 265 754 157 752 636 688 412 288 224 854 433 143 837 146 334 222 144 438 127 173 711 812 353 865 765 413 684 635 246 664 857 624 584 531 671 621 342 663 526
671 668 864 466 777 762 435 536 336 635 822 374 648 627 284 417 821 545 445 526 535 836 432 442 483 185 144 767 677 425 422 877 188 866 118 776 687 623 151 462 378 811 728 616 314 154 322 164 333 312 247 334 816 537 581 781 755 783 878 241 421 814 753 158
617 616 187 833 151 641 338 854 723 143 574 137 825 354 381 123 718 164 782 512 813 542 141 356 142 663 712 231 484 367 885 566 528 183 524 748 488 325 662 877 178 388 586 316 378 456 515 845 664 474 375 365 817 863 518 261 561 121 444 585 238 253 876 565
774 861 886 882 644 516 173 557 384 113 282 233 281 521 271 838 784 564 832 576 522 213 155 327 775 621 824 367 278 766 718 427 468 275 283 137 366 143 671 532 588 136 613 124 248 566 688 788 331 883 578 453 211 333 863 716 132 228 831 842 483 422 256 682
766 833 856 571 127 241 247 634 534 482 588 332 416 471 676 232 162 832 514 242 834 251 388 463 286 215 147 343 638 428 246 157 513 675 324 262 466 248 533 577 112 144 784 523 587 354 347 131 547 542 448 567 318 574 187 773 475 874 114 231 511 334 526 425
558 172 623 236 376 177 478 472 412 638 651 357 647 766 772 221 257 358 343 545 284 637 743 313 335 822 723 764 872 556 767 331 663 183 781 628 426 745 114 813 862 721 575 281 583 473 488 735 676 613 665 271 431 162 386 517 652 641 443 542 525 566 364 555
677 464 148 286 335 844 518 157 514 678 436 344 753 173 144 822 137 175 516 685 657 378 881 231 387 351 213 624 487 561 221 166 237 336 185 787 715 172 866 843 777 652 126 254 632 143 341 462 654 133 481 163 272 322 316 153 114 521 366 373 214 342 317 872
571 225 457 675 518 145 454 356 646 735 117 634 265 474 556 574 476 541 353 576 466 538 123 486 275 441 514 772 153 842 536 336 625 456 377 542 127 561 262 526 847 366 845 622 238 455 557 266 582 577 263 412 365 323 482 766 268 342 584 578 732 687 617 641
723 713 884 743 623 385 278 856 284 568 244 544 332 342 245 476 126 421 146 557 726 646 447 367 676 787 452 637 162 666 415 525 811 487 741 541 587 657 218 686 174 217 125 423 341 526 558 321 131 832 858 654 767 522 585 586 533 267 715 645 277 471 786 737
235 666 652 275 381 713 228 273 746 168 162 773 684 673 286 182 352 778 764 628 887 521 688 246 536 128 362 261 441 248 645 472 417 336 114 826 736 671 226 382 476 142 624 883 132 421 564 178 751 165 338 858 347 488 511 344 723 585 463 717 428 725 514 314
146 528 777 663 832 423 626 385 736 332 383 356 835 664 765 286 357 733 737 888 331 218 534 333 175 186 117 672 481 387 611 581 726 834 445 476 674 456 533 866 684 514 646 754 378 131 743 323 532 527 335 176 877 122 486 241 247 634 565 715 214 461 468 545
834 271 741 372 424 322 556 214 382 742 284 118 731 521 585 553 733 735 614 657 531 274 548 463 877 557 228 231 612 237 232 634 282 734 858 385 353 587 737 461 316 562 881 181 123 256 644 378 174 642 235 816 484 244 713 865 584 862 147 262 185 425 165 311
536 717 512 167 376 258 585 451 316 631 182 238 221 137 173 188 211 423 516 724 145 734 727 162 463 143 544 887 551 715 478 562 815 447 554 848 872 438 655 722 677 165 442 315 156 273 171 123 826 155 874 233 581 141 335 128 847 583 646 817 375 215 444 344
146 884 231 687 363 147 127 811 333 874 611 236 751 463 636 775 613 285 337 723 421 533 434 788 787 313 426 348 628 261 464 483 156 525 237 872 177 383 877 218 547 821 374 232 645 732 478 283 552 752 553 756 188 186 481 523 175 845 466 224 555 728 321 226
